actual_silica_concentrate,predicted_silica_concentrate
2.0500000000000065,1.914188548304683
0.9900000000000008,1.494090548940395
2.930000000000004,2.331331838143024
4.78999999999999,2.7559406817894727
1.689999999999998,2.006632333394821
1.8500000000000023,2.5611028171418666
2.089999999999994,3.2719151138533413
1.0800000000000034,1.4785678664380046
1.1899999999999982,1.7190579523338063
1.6399999999999926,1.5473403944763036
1.4199999999999944,2.059847207541105
3.3099999999999943,2.8061201937266578
1.2400000000000029,2.2748877268043746
1.219999999999999,2.267601551258454
1.0999999999999963,2.227435919749884
1.529999999999999,2.7221149532117037
1.6299999999999968,2.225480393486479
2.569999999999994,2.328161089469631
1.689999999999998,2.481211732920848
1.1999999999999966,1.3983384103462195
5.210000000000012,2.2277256034032424
0.8499999999999972,3.1584922878230635
5.200000000000016,2.4658953314996905
3.54,2.777900169052436
1.8700000000000032,2.313513143554477
2.8500000000000094,3.034208988080831
2.4499999999999926,2.934721938867066
2.149999999999995,1.75052804615517
1.5800000000000034,1.7528954485794108
1.6399999999999926,2.248188814721014
1.990000000000005,2.306913875171019
1.300000000000004,2.192966167883689
1.5500000000000052,2.1436121178409855
1.0999999999999963,2.1268078245143154
1.8700000000000032,2.204419475633225
1.1100000000000043,1.9719197087112157
1.0699999999999956,1.6954328710625781
1.0,1.4853226991995458
1.7900000000000025,2.1616064945128937
3.209999999999996,2.43680789265929
1.910000000000004,1.5858373903519878
1.1299999999999972,1.709110819518905
2.6499999999999915,1.859814034411492
3.170000000000001,3.450944653030039
1.560000000000002,1.9123013203965273
1.8600000000000083,2.2599069171793515
1.0900000000000027,1.619649352463548
1.1999999999999966,1.962122340438487
1.219999999999999,2.90462934439303
4.713084663428889,2.999410362769645
2.7599999999999936,2.255411554541981
1.7299999999999995,2.3078595181972847
3.450000000000005,2.214488006489938
1.2400000000000029,1.9802283391161082
1.6800000000000053,2.238894303135392
1.0900000000000027,2.0078025612865464
1.0600000000000018,1.555697061302338
1.0399999999999994,2.2030698344333657
2.470000000000012,2.136591297277498
1.720000000000004,1.387976446165599
1.7799999999999951,2.0932016108456857
3.4199999999999977,2.093607134882183
1.5699999999999947,2.3918947032045375
1.0399999999999994,1.763340637466129
4.429999999999986,2.9739613818739414
3.3649944506111145,2.926200774963828
1.1100000000000043,1.7626447971404724
1.3899999999999937,2.576570038653905
1.8799999999999968,2.262008049054111
1.660000000000001,2.109173162176465
1.1200000000000028,1.6966432275478627
1.8199999999999947,2.141191156819051
2.58999999999999,2.1065554287801835
1.169999999999996,2.144714306243026
1.340000000000003,1.9516222379808743
1.7400000000000044,2.511270709778829
2.779999999999988,2.0996953925512347
1.2700000000000038,1.8754324669799538
2.800000000000008,2.3359003319555396
1.1299999999999972,1.4999485705862472
1.3300000000000052,2.292212689307128
1.8199999999999947,2.0902422805448824
2.970000000000013,2.8310323488079
2.180000000000005,2.5842960547269693
1.7099999999999989,1.9547612626286561
1.7900000000000025,2.294685361215378
1.3899999999999937,1.799089260987642
1.1500000000000037,1.4020710123528772
1.4900000000000038,1.879650110522608
1.6399999999999926,2.1992994953670277
2.209999999999994,2.2724368306155913
3.370000000000004,2.9587514599411544
1.0999999999999963,2.075592708829587
1.5,1.7519321172594622
1.4399999999999984,1.4032650319112046
4.127882382633886,2.926606721334395
2.160000000000007,2.031846104604682
1.92,1.688239200806938
1.9300000000000053,2.1623830755807907
2.1100000000000088,2.167333081590256
3.2900000000000027,2.553809153007793
2.0400000000000045,2.261285559858212
1.4399999999999984,1.8100448552032051
4.75,2.370569794853728
1.5099999999999962,2.4221003732923827
1.280000000000001,3.1993674281462843
2.310000000000002,1.8638771249610957
2.0400000000000045,2.1780793115324975
1.219999999999999,2.054745431294459
1.6500000000000004,1.4618989104049025
1.4300000000000048,1.9590149473038525
2.0500000000000065,1.7907851726079622
1.169999999999996,1.9202597534856451
1.6699999999999977,2.4920521838222216
1.939999999999998,1.7445239227346632
2.240000000000005,2.82268339718982
1.1299999999999972,1.8190237758436976
3.820000000000008,2.954983904115926
3.690000000000011,3.0662526881339933
1.5,1.8688875564796317
3.3000000000000007,2.750432075129195
4.019999999999999,3.4378550269488604
2.4200000000000035,2.1278358214474
3.9099999999999993,2.7767094864039623
1.660000000000001,2.765757171446783
3.440000000000008,2.349690951711561
1.959999999999996,2.2608370826600295
1.3100000000000018,1.9640520014975185
1.4300000000000048,1.7745485639724885
1.660000000000001,1.748111732767729
1.340000000000003,2.1112736844339235
1.560000000000002,2.070066475308321
1.0399999999999994,1.8182948806950379
2.8899999999999904,2.928708511159201
2.0,2.208496499748592
1.7599999999999956,2.279787618065626
1.2100000000000015,1.6285408875604352
1.9300000000000053,1.8769554734489773
2.699999999999992,2.1379862922956367
2.677128644146112,2.1026358560484293
1.3300000000000052,1.7090427584445804
2.399999999999993,2.257261705378359
1.6100000000000074,2.5249677079531607
2.0500000000000065,2.192030708767699
4.281441191316665,2.975653310430666
1.1200000000000028,1.2805970882413018
1.6999999999999944,1.738337257389649
2.360000000000009,1.967193639195302
5.174854368932777,1.9790663550301355
3.1000000000000103,1.774478905009653
4.509999999999993,3.017882845877348
2.339999999999992,2.1425399243275045
1.5500000000000052,2.4684182543241553
1.0999999999999963,2.1972008107518506
1.2299999999999964,2.0577735175488927
2.220000000000009,3.0739271021373202
0.860000000000002,2.445939689164681
2.180000000000005,1.616032781460908
2.3500000000000068,2.8064210755168792
1.169999999999996,1.5969996187219584
1.340000000000003,2.1718445021256794
1.25,1.3873668046196426
1.2700000000000038,2.155754984901135
1.0399999999999994,1.673375507275891
3.48998612075,3.263154371636843
3.5899999999999976,2.44576544829597
1.689999999999998,2.370778821044182
1.8799999999999968,2.1376844645587214
3.874999999999996,2.44538463385276
3.87,1.9844929184397462
1.169999999999996,1.5349871259306231
2.3199999999999945,2.8833897179576122
1.2700000000000038,2.4524404467368144
2.430000000000005,1.58481118791966
3.830000000000007,2.6037149429347757
2.490000000000006,2.6563342766317217
1.280000000000001,1.776958912527987
1.1299999999999972,2.1539853786983
2.509999999999994,2.0456028586570434
3.269999999999992,1.960153971018867
1.1100000000000043,2.2613477885840965
2.1299999999999963,2.0555731612711576
1.6399999999999926,1.7238854510748518
2.2900000000000063,1.8100448552032051
1.5999999999999988,1.7688291009499069
1.8300000000000007,2.565033889339654
3.1000000000000103,2.8005496759702213
2.5199999999999947,2.3131481519040693
0.96,1.5634782595306564
3.6399999999999895,2.179655991121147
0.9399999999999984,1.7811128348994547
1.280000000000001,1.385038834337367
3.410041637750001,2.7206140576366646
3.3399999999999954,2.2560347278333306
2.579999999999996,2.047586268414596
2.310000000000002,2.572147332570878
2.019999999999998,2.117230893973463
1.5699999999999947,2.3744527456015594
3.1499999999999893,2.9864250458349355
1.8999999999999968,1.6181231744788525
1.0900000000000027,2.5434560827538073
2.0299999999999927,2.330066643588129
1.990000000000005,2.2237445556387474
1.0900000000000027,1.4845075551417242
3.9907756232666656,3.2929612550074983
1.6100000000000074,1.9955953564572801
1.980000000000001,2.189595469271167
2.5,2.3965408554627694
1.0399999999999994,1.899460938897239
1.7599999999999956,2.218469576039279
1.6299999999999968,2.2885239848173593
1.409999999999997,1.8539042792962261
1.0,2.0717276779266274
2.459999999999993,1.8694892868007384
2.490000000000006,2.7939445697573055
1.460000000000002,2.3111380938546833
3.899999999999996,2.4717235960417416
1.2100000000000015,1.8663935022461993
4.120000000000004,2.427176275802143
3.769999999999991,2.888954731547519
1.0900000000000027,1.5991430060641987
2.199999999999993,2.2304944052290163
1.6399999999999926,1.8767521431000966
1.980000000000001,2.1909935028805614
4.769999999999989,2.6533389134385668
1.660000000000001,2.008377963219637
1.9300000000000053,2.41878719020895
4.029999999999983,2.1822605066687166
2.019999999999998,1.499901874019706
1.7599999999999956,2.6308533875809594
2.699999999999992,2.2601463316013666
1.1399999999999952,2.5372799280558347
1.340000000000003,2.26880783111801
1.8300000000000007,1.810567102915136
1.800000000000006,2.0883235693930615
3.620000000000004,2.802263801313369
2.800000000000008,2.533854491216479
1.970000000000007,2.0926925283986972
1.3300000000000052,2.0681474477646926
2.0,2.4264450986405666
1.1299999999999972,2.0887901634074906
1.59,1.4745577356438577
2.0699999999999945,2.4079346101217114
1.1899999999999982,2.3633058491079186
2.1000000000000045,3.160923908486441
4.549999999999988,3.066710260964086
1.300000000000004,2.110213175238999
1.7400000000000044,1.8400299637203426
3.820000000000008,3.375307866859487
1.6399999999999926,2.174451004808547
2.920000000000004,2.5865644475508374
3.1100000000000105,2.530715567257362
1.6999999999999944,1.7383681590836564
2.58999999999999,2.192146365851117
1.25,2.1768628901287257
1.689999999999998,2.083055257738879
1.7900000000000025,1.8379108930937345
1.2599999999999971,2.165095428376368
2.1299999999999963,2.1618977105073203
1.6399999999999926,2.746641187149351
2.879999999999997,1.359815164302535
1.689999999999998,1.8037783010539925
1.7599999999999956,2.074856027307412
1.910000000000004,2.0896700466762814
1.75,2.677567394280964
4.730000000000011,2.4026795929084526
1.92,1.9683442707678491
2.089999999999994,2.377186339441759
2.5,2.5881443914107756
4.92138632162778,1.757699297860618
1.3899999999999937,2.097860496535337
1.4399999999999984,2.1372424735781066
1.959999999999996,2.4558958250972407
3.029999999999986,2.457275993438676
2.300000000000008,1.7638214231110887
1.1399999999999952,2.0828025182905674
2.430000000000005,2.339323268592357
3.190000000000004,2.659966267405895
3.129999999999996,2.047348640978972
1.25,1.4462692349256676
2.189999999999998,2.9631506818813107
1.9300000000000053,2.3545570119430637
1.7599999999999956,2.220283184806803
1.3700000000000032,1.4972386269011606
0.9399999999999984,2.6171239035527316
1.3100000000000018,2.713442910277361
1.529999999999999,2.0237681444261666
4.379999999999996,1.8494047198526071
2.0799999999999987,1.7448353611696157
2.8500000000000094,2.517372568238516
3.1499999999999893,2.586508594108384
1.1899999999999982,1.9196844627493543
1.7799999999999951,2.178779799710404
1.8999999999999968,1.844519270476064
1.400000000000004,2.2619075931433725
2.75,2.741372228421701
2.060000000000002,2.1144352930197776
4.0900000000000025,2.7876276085126874
1.3199999999999952,2.2075988051409277
4.2600000000000025,2.768302551844236
2.1399999999999912,1.8772538693183185
3.6799999999999935,2.2712921408649023
1.810000000000002,1.5780363636594754
3.269999999999992,2.3983282779369586
1.169999999999996,2.597278217974486
3.6799999999999935,2.440867294780741
4.200000000000009,3.016341580130061
3.199999999999997,1.9403929088601677
3.960000000000004,2.058064604738642
1.1500000000000037,1.838306053068052
1.1399999999999952,2.0548066959127946
2.019999999999998,2.27283766640989
2.810000000000002,2.4119299598750175
1.9300000000000053,2.1791145647573735
2.060000000000002,2.116028662404607
1.7599999999999956,2.070146845540055
3.230000000000008,2.1326070624558735
1.800000000000006,3.085183383827716
1.300000000000004,2.166603222774565
3.4987014428416616,2.21635298808569
2.5299999999999887,2.868065082341216
2.240000000000005,2.082110310837665
1.0600000000000018,1.885406464277517
1.7400000000000044,1.6121892757704135
1.8799999999999968,2.266200240518187
1.4499999999999953,2.4452150374790262
1.0500000000000025,1.4142366376377815
1.6800000000000053,2.21078951383186
2.7599999999999936,2.5055570331873116
2.180000000000005,2.2529917543460996
1.4499999999999953,1.2975000772649141
1.8700000000000032,2.325634814203889
4.360000000000011,2.280146189444877
1.3199999999999952,2.0946361054995934
1.0999999999999963,2.0723548016544564
1.2400000000000029,3.0872278324696754
4.66,2.678760162073188
1.2100000000000015,1.4258394396793994
2.75,3.2038215608801885
2.0799999999999987,2.7918387299414333
1.4799999999999964,2.113482534679019
1.340000000000003,2.625829397382082
1.8799999999999968,2.6780056612513174
1.300000000000004,2.9203431871355
1.6100000000000074,1.6990794331253436
1.4399999999999984,2.3367204851013184
1.1399999999999952,1.838306053068052
1.5399999999999994,1.76448127726986
4.502385575589445,2.4146216373717264
3.54,2.8470130251662646
1.1200000000000028,1.8795657230631584
1.1800000000000046,1.8760492397943656
2.540000000000008,2.1615137378481837
1.5399999999999994,2.8515016321313724
1.0600000000000018,1.354062827911261
1.5999999999999988,2.6173760087637996
2.1000000000000045,2.204083795168998
1.4399999999999984,1.3983384103462195
1.409999999999997,2.2238896973763875
3.0799999999999987,2.0435542322779896
1.5500000000000052,1.696222856849608
5.279999999999981,3.222224502090694
2.170000000000002,2.188163353817139
3.928548770817775,1.9480653946009259
